181
7
12
15
18
26
31
32
35
42
51
59
69
73
75
77
80
85
86
106
107
115
130
134
138
139
153
160
164
169
171
176
179
185
197
199
203
207
208
211
215
217
218
223
226
238
239
240
246
247
252
253
254
259
262
265
267
274
276
277
290
299
303
310
318
328
335
336
337
342
343
359
362
364
378
381
386
412
427
438
439
442
446
448
452
453
457
459
460
464
465
467
468
478
483
484
485
495
509
510
517
519
523
527
539
541
545
551
553
554
556
563
568
571
580
587
588
602
614
615
617
619
620
627
638
647
652
654
671
681
687
708
721
726
737
739
743
759
761
764
768
777
782
813
814
815
816
828
835
839
842
848
857
866
868
875
876
882
888
890
899
900
901
913
918
923
925
930
938
942
958
959
966
972
973
974
976
977
985
988
995
996
