1
3室2厅2卫1厨
127.0
67.0
10
1

2
2室2厅1卫1厨
86.0
46.0
10
1

3
3室2厅2卫1厨
127.0
67.0
9
1

4
2室2厅1卫1厨
86.0
46.0
9
1

5
3室2厅2卫1厨
127.0
67.0
8
1

6
2室2厅1卫1厨
86.0
46.0
8
1

7
2室2厅1卫
80.0
52.0
43
2

8
1室2厅1卫
60.0
43.0
43
2

9
1室2厅1卫
72.0
46.8
43
2

10
3室2厅2卫
120.0
78.0
43
2

11
2室2厅1卫
80.0
52.0
48
2

12
3室2厅2卫
117.0
76.05
48
2

13
3室2厅2卫
120.0
78.0
48
2

14
3室2厅2卫
123.0
147.6
1
4

15
3室2厅1卫1厨
97.0
232.8
1
8

16
2室2厅1卫1厨
75.0
180.0
1
8

17
2室2厅1卫1厨
79.0
189.6
1
8

18
2室2厅1卫1厨
67.0
160.8
1
8

19
3室2厅1卫1厨
97.0
232.8
2
8

20
2室2厅1卫1厨
75.0
180.0
2
8

21
2室2厅1卫1厨
79.0
189.6
2
8

22
3室2厅1卫1厨
97.0
232.8
3
8

23
2室2厅1卫1厨
75.0
180.0
3
8

24
2室2厅1卫1厨
79.0
189.6
3
8

25
2室1厅1卫1厨
78.0
171.6
1
9

26
2室2厅1卫1厨
83.0
182.6
1
9

27
3室2厅1卫1厨
95.0
209.0
1
9

28
3室2厅2卫1厨
121.00
266.2
1
9

29
2室2厅1卫
93.0
202.74
3
11

30
2室2厅1卫
76.0
165.68
3
11

31
3室2厅1卫
103.0
224.54
3
11

32
2室2厅1卫
75.0
93.75
1
13

33
1室0厅0卫
101.0
126.25
1
13

34
1室1厅1卫
44.0
55
1
13

35
1室1厅1卫
56.0
68.75
1
13

36
2室1厅1卫
60.0
96.0
2
14

37
2室2厅1卫
40.0
64.0
2
14

38
2室1厅1卫
80.0
128.0
2
14

39
2室1厅1卫
50.0
80.0
2
14

40
1室1厅1卫
30.0
48.0
2
14

41
2室2厅1卫1厨
96.0
124.8
21
18

42
2室2厅1卫1厨
86.8
130.8
2
21

43
3室2厅1卫1厨
89.9
135.5
2
21

44
3室2厅1卫1厨
89.9
135.5
4
21

45
3室2厅3卫1厨
123.4
186.0
4
21

46
4室2厅3卫1厨
188.5
284.1
5
21

47
4室2厅2卫
125.0
200.8
13
23

48
3室2厅2卫
109.0
175.1
13
23

49
2室2厅1卫1厨
83.3
125.8
9
24

50
2室2厅1卫1厨
88.2
133.2
9
24

51
3室2厅2卫0厨
125.9
190.1
9
24

52
3室2厅2卫1厨
116.8
176.4
9
24

53
3室2厅2卫1厨
115.7
174.7
9
24

54
3室2厅2卫1厨
107.2
177.95
4
25

55
4室2厅2卫1厨
148.8
247.0
4
25

56
4室2厅2卫1厨
141.1
244.2
7
25

57
3室2厅1卫1厨
81.8
135.79
7
25

58
3室1厅2卫1厨
112.4
186.58
7
25

56
3室2厅2卫1厨
109.0
180.94
7
25

57
3室2厅2卫1厨
106.2
176.29
7
25

58
1室1厅1卫0厨
37.0
46.3
4
27

59
1室1厅1卫0厨
44.0
83.6
1
28

60
1室1厅1卫0厨
44.0
83.6
2
28

61
1室1厅1卫0厨
44.0
83.6
3
28

62
3室2厅2卫1厨
115.0
379.5
5
32

63
3室2厅2卫1厨
136.0
448.8
5
32

64
3室2厅2卫1厨
133.0
438.9
5
32

65
3室2厅2卫1厨
115.0
379.5
7
32

66
3室2厅2卫1厨
136.0
448.8
7
32

67
3室2厅2卫1厨
133.0
438.9
7
32

68
3室2厅2卫1厨
162.0
437.4
2
33

69
3室2厅2卫1厨
153.0
412.7
2
33

70
2室2厅1卫1厨
97.0
261.9
2
33

71
3室2厅2卫1厨
122.0
329.4
2
33

72
3室2厅2卫1厨
162.0
437.4
3
33

73
3室2厅2卫1厨
153.0
412.7
3
33

74
2室2厅1卫1厨
97.0
261.9
3
33

75
3室2厅2卫1厨
122.0
329.4
3
33

76
2室1厅1卫
78.0
156.0
2
35

77
2室2厅1卫
73.0
146.0
2
35

77
3室2厅2卫
101.2
202.4
2
35

78
1室1厅1卫
41.7
83.4
2
35

79
2室2厅1卫
74.0
148.0
2
35

80
2室2厅1卫
73.0
146.0
3
35

81
3室2厅2卫
101.2
202.4
3
35

82
1室1厅1卫
41.7
83.4
3
35

83
2室2厅1卫
74.0
148.0
3
35
